 56.7   3.03
 64.9   3.01
 69.6   3.00
 88.1   2.94
 52.1   3.07
 60.8   3.03
 71.9   3.01
 66.7   3.04
 62.1   3.04
 76.7   2.98
 77.9   2.98
 57.1   3.03
 90.0   2.90
 51.3   3.07
 85.3   2.95
 57.6   3.04
 68.4   3.03
 56.3   3.06
 75.8   2.98
 57.6   3.04
 69.3   2.99
 73.6   2.98
 65.4   3.02
 60.1   3.03
 74.7   2.98
 83.0   2.97
 79.2   2.96
 73.4   2.98
 86.3   2.95
 82.7   2.94
 73.8   2.97
 67.0   3.01
 56.5   3.04
 66.9   3.00
 73.9   2.99
 77.8   2.98
 75.5   2.96
 52.8   3.05
 71.2   3.01
 66.3   3.03
 78.7   2.99
 71.3   2.99
 54.2   3.06
 81.2   2.96
 53.6   3.05
 56.1   3.04
 67.6   3.01
 68.3   3.03
 70.7   3.02
 75.5   3.00
 59.6   3.05
 61.6   3.04
 77.8   2.96
 60.2   3.03
 76.7   2.99
 63.8   3.04
 77.0   2.96
 74.1   2.98
 86.6   2.91
 68.5   3.01
 68.4   3.02
 62.9   3.04
 68.9   2.99
 57.0   3.06
 68.9   2.99
 63.6   3.03
 57.7   3.06
 59.7   3.06
 60.8   3.05
 57.5   3.04
 53.6   3.06
 77.3   2.98
 67.0   3.02
 75.9   2.99
 75.4   3.00
 58.4   3.05
 59.4   3.03
 74.3   2.99
 68.3   3.02
 80.8   2.95
 76.5   2.98
 83.7   2.96
 60.3   3.04
 73.3   2.99
 84.8   2.93
 62.7   3.02
 87.6   2.94
 69.2   3.01
 71.8   3.00
 71.8   3.01
 70.9   3.02
 58.7   3.03
 54.4   3.04
 66.2   3.02
 64.6   3.03
 75.1   3.00
 87.3   2.95
 57.7   3.03
 77.9   2.96
 71.0   3.00
 84.4   2.94
 65.7   3.03
 79.7   2.97
 63.9   3.01
 73.4   2.98
 51.8   3.07
 59.7   3.04
 77.5   2.97
 79.5   2.96
 77.3   2.98
 67.7   2.99
 63.2   3.03
 60.8   3.02
 82.9   2.95
 85.5   2.93
 80.8   2.96
 82.3   2.96
 65.1   3.01
 81.6   2.97
 63.1   3.04
 67.5   3.03
 80.8   2.95
 84.5   2.96
 70.6   3.02
 73.5   2.98
 58.0   3.04
 79.9   2.98
 81.6   2.95
 71.4   2.98
 54.5   3.04
 77.1   2.98
 57.6   3.05
 55.9   3.03
 84.0   2.95
 87.2   2.94
 73.3   3.00
 85.2   2.96
 50.0   3.08
 74.5   3.01
 71.1   3.00
 82.1   2.94
 69.9   3.02
 73.0   3.01
 79.5   2.97
 59.9   3.05
 53.3   3.06
 76.4   2.99
 85.6   2.96
 80.8   2.96
 87.1   2.93
 50.7   3.05
 84.5   2.94
 83.8   2.94
 72.1   3.00
 51.3   3.07
 64.5   3.01
 69.6   2.99
 54.9   3.04
 55.9   3.04
 51.7   3.07
 61.3   3.04
 77.8   2.97
 71.4   3.00
 55.0   3.05
 84.1   2.96
 60.8   3.02
 72.6   3.00
