985
972
72
789
-529
-43
816
328
-129
708
-63
742
767
908
-381
863
-677
906
757
14
557
-281
697
212
-245
443
899
700
551
-401
746
597
634
999
-527
695
-227
-755
831
182
625
972
-631
397
751
538
-477
972
347
-887
-891
130
302
254
60
29
403
-253
228
-815
326
-943
-231
444
410
430
93
882
-779
731
-929
-395
463
276
951
-159
-39
820
144
-91
903
166
-217
116
974
568
-243
539
-601
-565
-617
364
608
742
371
24
233
665
-979
44
-883
429
557
434
-761
-353
733
351
-473
497
901
-831
229
-573
508
424
-187
59
585
543
974
793
471
-559
-823
-475
-697
362
775
70
-723
-453
521
878
335
126
-527
786
-77
210
-371
-731
857
916
979
-555
427
193
-305
-647
166
-395
785
-159
482
-465
214
230
855
917
604
225
777
38
-73
516
190
-991
307
911
-3
209
427
-635
756
572
878
715
636
661
-129
81
828
196
-987
-725
418
-917
-127
361
104
-829
-627
-263
863
393
547
417
102
993
335
778
466
990
-47
-337
211
547
-229
-593
-227
-135
380
13
434
412
831
412
331
-249
5
921
-769
122
50
-361
563
-875
245
274
693
724
518
876
295
993
473
-885
662
-637
-233
675
524
975
422
75
489
859
735
352
-967
35
25
842
984
109
142
597
-525
147
239
-93
509
132
556
469
931
526
134
199
183
924
-117
385
-529
541
-843
-379
-647
984
223
948
431
397
-651
-59
610
-781
590
736
-869
759
-127
307
75
458
789
-799
737
915
890
844
222
-111
-697
741
-29
720
457
85
262
184
733
852
903
-867
893
-7
-693
-663
471
760
703
344
597
-799
45
-883
628
-309
658
450
-577
-81
58
504
-947
-251
-627
-963
371
345
666
-127
272
330
-289
-363
380
880
253
877
867
947
-431
78
-975
-297
547
107
501
971
-851
834
10
159
-897
-467
566
76
880
75
929
198
883
522
-779
-575
-171
3
683
559
167
38
380
256
553
736
231
730
857
695
-923
54
871
614
937
861
-909
-341
433
-515
-387
668
44
-769
-191
889
-741
-545
-947
782
442
-319
193
225
-869
-647
-653
713
159
-597
351
-801
123
-287
12
-989
850
-11
770
64
932
891
-17
422
514
673
674
141
566
-49
556
792
913
253
499
-619
-113
360
745
72
825
387
514
817
567
-665
666
-741
679
157
-449
-275
69
877
280
-925
515
19
184
842
-275
-873
213
263
-287
382
226
966
-91
130
-909
876
740
855
363
604
153
361
165
819
797
-87
-953
607
-515
585
598
-17
700
251
-571
946
74
670
631
110
-143
606
978
17
-619
82
-503
-217
-587
572
437
902
470
237
123
-545
771
28
-163
551
395
981
186
-739
453
-989
312
506
-865
-5
-377
344
617
354
862
278
146
982
-891
923
-189
371
990
676
-167
584
593
-105
675
592
874
726
-489
-881
938
-869
-541
-745
360
704
307
844
934
559
-643
820
820
-293
-537
122
147
-395
547
-973
865
677
-955
932
30
464
107
967
69
283
-327
965
772
-787
241
743
178
531
496
274
808
-333
528
-191
921
225
-293
-583
-847
171
-473
168
-927
793
442
-763
486
67
270
915
258
493
705
342
938
-995
135
-325
214
163
736
-739
-273
-635
226
854
477
-93
106
-279
344
355
-243
-131
66
-897
-537
-715
977
697
857
745
-211
-949
550
379
-777
885
711
726
-749
-541
689
614
-447
-239
-163
-869
895
581
304
951
-739
32
64
-737
288
-185
384
391
-397
664
541
974
224
-269
-699
952
413
533
-519
809
468
750
-465
704
657
759
-893
708
906
-737
-897
93
-127
-607
-591
-991
303
192
885
281
-983
-567
-321
-993
596
-413
423
-113
-853
585
-399
725
-697
-381
62
79
589
-879
686
863
519
-247
313
694
557
398
-43
98
190
-881
839
-35
-853
-315
81
210
554
323
312
156
-425
555
43
-59
-753
684
534
527
-299
-903
491
852
506
788
-717
703
-45
852
83
56
684
-641
569
227
262
463
948
-751
804
749
210
695
431
920
-613
923
931
865
374
296
-185
407
-551
992
637
372
783
745
770
-585
592
383
240
-191
-907
-509
914
218
217
-499
570
-753
287
803
535
777
-295
928
122
699
704
448
892
394
-485
52
-431
-847
771
-725
333
780
-3
875
-967
395
557
305
103
35
81
-453
765
762
603
-989
179
-187
-939
-135
771
-547
950
20
643
-593
780
465
505
444
974
78
-153
692
315
400
-453
-391
-777
967
622
-65
-239
385
-791
-473
975
-587
-893
670
-735
901
994
902
919
-547
-479
-233
752
919
261
-443
487
364
59
675
-67
-355
175
279
-927
930
913
17
997
940
346
-847
-577
-909
11
901
155
-121
204
-571
345
268
-289
-695
-831
478
675
-265
785
-531
535
593
-383
17
615
501
724
107
592
900
492
493
954
547
989
468
631
-169
-107
152
526
238
-371
603
527
-509
15
-741
321
-597
702
192
355
930
611
502
597
-453
-571
-431
369
-131
120
-599
220
578
978
243
949
710
-109
748
-201
823
789
375
320
550
617
-981
829
-805
729
916
730
348
112
-97
-825
-337
696
-837
-721
656
110
-359
560
755
142
119
422
876
-765
589
-771
99
302
226
504
-675
546
543
710
85
189
-9
983
-731
-339
621
455
602
639
385
831
283
323
728
-471
79
37
402
569
-489
831
-345
-647
-721
150
285
181
-279
439
-329
-553
-151
244
-701
-823
356
106
612
148
-457
213
827
144
971
8
429
381
986
-463
102
-497
76
-25
-391
-719
678
260
-43
987
453
105
278
117
510
717
191
279
-743
346
534
436
367
-933
860
63
140
379
-471
563
847
332
910
838
-263
126
601
797
849
-995
968
841
553
589
103
423
-875
-877
213
-507
-997
533
-149
980
-751
937
755
32
-843
271
233
359
680
538
-891
86
-511
-659
902
-323
323
-69
786
-481
361
62
357
-65
365
560
656
9
269
454
-357
-75
328
292
179
694
-407
-909
600
592
-209
984
102
-971
719
188
723
554
-791
952
21
-213
111
951
729
-715
-809
-305
-855
89
931
-709
77
349
-751
-497
178
46
-953
-197
9
-741
226
927
-821
-383
58
-105
880
442
476
278
283
-363
805
-495
-473
399
-887
578
679
-31
-533
-559
991
701
688
57
330
-261
-365
621
-795
-575
-107
-227
550
594
-951
999
536
741
486
734
643
-993
321
265
-579
867
-85
360
944
-129
775
906
-217
527
-553
-795
34
-483
-933
500
83
764
123
938
505
899
478
-473
-825
372
621
-699
-373
407
192
943
149
149
154
202
-931
379
972
533
333
73
801
334
87
-945
920
465
782
791
589
70
-315
-439
-51
-983
436
-179
209
182
958
-915
742
776
-703
-675
191
703
180
-505
-563
457
-787
-613
-633
774
-573
86
646
-55
759
313
96
37
-149
625
284
996
-23
18
529
349
451
684
951
952
204
-73
400
517
-41
366
436
-575
-39
999
762
-923
898
786
964
-491
254
38
-507
-873
-663
330
412
716
-461
116
841
36
953
798
919
689
-821
466
365
361
8
470
296
-865
990
-79
122
313
625
553
-407
684
309
216
-45
223
733
-39
-397
109
152
443
-441
397
-619
-585
-723
628
-343
-39
-365
-371
308
665
749
99
84
-499
700
731
890
508
-581
673
717
546
936
128
174
-367
410
-857
-631
-615
-687
-635
-859
227
-61
-649
622
27
836
497
560
-269
927
748
470
-155
29
-771
574
-49
-713
-27
814
-121
315
-79
-769
-405
-667
750
470
-861
880
762
-351
436
-143
72
901
635
472
584
-973
447
-15
-325
510
413
-115
644
632
633
2
-673
168
819
-421
-341
454
397
-443
735
937
250
541
-999
119
845
-109
26
528
-223
-705
-455
-977
-523
-719
-95
54
103
-335
121
-343
308
583
622
366
-435
41
104
-37
730
-507
-627
53
-235
689
418
370
-381
-353
499
911
-969
625
-101
165
188
934
244
235
235
389
-391
-243
514
14
230
8
-363
991
237
512
68
-955
647
304
258
-681
514
422
30
598
86
836
803
888
102
712
277
660
398
-721
338
-67
852
771
414
287
-487
407
471
528
-211
401
-209
672
923
814
-363
535
511
193
-715
-907
726
185
-841
694
629
769
601
622
-643
389
322
981
-233
461
-851
70
946
426
-513
512
770
-307
106
-167
-551
-1
206
-429
79
39
162
842
353
-417
928
658
558
-395
730
855
503
-115
85
751
955
191
173
766
583
25
100
279
-343
455
213
-987
-723
929
441
831
456
-5
275
-31
-177
-453
770
811
-85
-161
103
581
-883
549
409
353
552
-91
-549
873
246
467
673
189
-211
237
355
478
-891
458
-561
449
534
-519
905
61
-275
-445
161
282
-763
854
751
755
-815
-335
387
-659
-317
831
933
470
-827
141
-353
915
181
-447
-709
438
511
696
-679
604
314
372
-383
886
398
-721
292
24
179
991
-469
268
431
71
-851
367
-333
684
896
504
488
-327
603
-667
274
641
-643
-697
-131
760
-1
136
-825
409
964
991
675
500
529
952
768
282
810
622
212
715
-687
-353
13
-439
777
654
702
713
846
-487
157
-51
486
342
-873
804
442
-113
-999
93
129
-227
10
738
497
492
696
-325
929
-713
-793
818
489
450
970
-501
-415
433
148
422
-799
857
786
198
-7
652
632
209
581
497
-981
-231
-123
785
861
205
458
789
-593
61
855
965
-167
-463
462
68
-235
691
-857
-275
-781
828
-919
782
-581
799
-987
-653
536
-649
15
-413
747
647
998
-251
16
497
864
-145
-685
-277
-883
687
780
-883
-595
146
-823
552
468
232
597
641
-263
620
-879
-819
611
94
791
-627
665
-875
200
-533
-561
199
390
845
311
267
-197
678
780
623
645
730
-323
-467
-815
343
890
313
-167
-517
400
-23
641
664
-147
212
154
923
439
804
796
644
332
314
71
231
-123
198
756
-769
972
715
-117
664
-415
22
503
-239
-475
165
-107
958
583
-577
898
-883
-953
-583
700
884
-873
-181
895
-555
-905
347
-737
409
926
-825
-489
-175
408
496
563
-171
-825
-301
893
541
643
-771
185
-979
-457
322
-599
372
40
-487
-157
117
-399
471
-911
497
-841
-415
-167
400
598
522
-319
418
-187
890
308
562
395
-785
867
-591
-919
85
152
693
187
375
-743
883
411
532
402
-211
787
-61
231
-739
671
-107
844
541
-551
-381
637
175
743
471
404
709
-733
-743
-85
-421
342
-537
220
225
991
980
446
657
-269
565
293
983
550
941
-709
436
-425
206
137
831
-167
-823
535
-23
224
699
277
844
593
942
484
-443
428
828
570
-697
910
-621
-453
-893
-703
-839
423
48
557
-857
323
209
993
-745
776
172
-925
-793
75
-569
-229
828
83
-635
-317
703
929
73
776
500
-721
-991
583
28
407
302
737
-305
-339
-413
-441
716
105
693
926
871
685
560
15
165
173
-159
667
46
106
-673
-135
-477
-315
402
699
-159
622
980
925
-585
-595
512
889
721
-187
903
415
-19
-269
228
307
117
913
768
943
264
-987
-331
539
292
881
958
-117
596
-759
655
493
174
170
150
-587
-541
979
613
85
-471
18
164
-909
752
963
806
256
857
797
-523
-331
709
-483
443
-823
724
-667
-97
-433
96
943
-703
737
-23
182
-29
463
74
974
3
-901
-779
-57
-89
234
-202
-835
713
-519
687
492
-671
-961
171
598
363
70
-651
65
369
-541
150
-739
-431
-221
741
224
-267
290
234
-325
-669
890
20
908
866
584
-11
-973
776
827
247
649
-275
334
-753
-67
93
926
-631
-109
-209
941
339
461
-781
851
344
-153
-363
984
509
-349
137
465
227
944
713
669
-59
967
-845
-475
287
-951
-377
909
811
457
312
233
-573
416
-625
788
707
-757
500
-55
-395
205
392
-617
867
335
503
946
-395
710
469
282
731
-219
988
-371
661
644
-345
834
259
-857
358
-281
-693
-901
628
775
-501
-297
-253
401
-117
759
-593
221
192
70
304
518
37
441
823
-353
-919
-341
-783
170
773
798
71
511
-167
-547
116
155
682
349
623
-849
142
-789
431
-365
377
753
-141
572
543
317
-219
-755
-581
245
185
934
30
883
118
649
-649
127
627
898
299
-603
-835
-267
969
-545
-729
804
122
-45
668
-885
-359
454
935
941
253
704
-423
-245
968
387
428
-745
-845
137
791
222
613
237
-277
-719
947
781
200
-963
545
390
469
623
-871
-27
988
-221
404
-571
-1
-889
-929
-21
-411
-871
401
-369
566
-639
553
-39
-507
-255
681
761
394
-463
929
-167
845
253
405
109
-237
-93
815
358
789