696
-451
-749
280
391
861
559
214
-989
-159
789
-379
922
936
710
784
750
580
118
218
518
915
495
342
134
940
985
-393
-893
923
-143
-569
869
946
-821
932
225
603
878
901
-781
78
-493
671
-803
587
123
-999
66
173
377
875
374
861
628
525
-983
991
-661
28
558
-283
-413
811
-455
-901
-591
47
184
626
-227
566
430
1000
318
66
915
391
-65
-407
-159
-793
553
413
795
510
-729
-455
-901
939
-645
447
123
511
937
304
-897
786
777
985
417
230
700
887
969
806
-827
-279
-781
-201
476
747
809
297
-165
660
979
-29
234
249
214
611
182
-455
-71
-135
823
76
-589
-673
45
429
185
688
804
560
-563
267
426
207
885
-549
844
-599
-393
359
34
-19
-625
-791
882
-743
-331
610
89
738
885
396
-753
404
66
-673
1
835
892
-313
85
-301
6
-821
-243
569
-709
-215
857
464
-387
317
368
-125
-179
681
833
160
684
-287
703
783
257
993
275
509
760
-451
-941
-543
81
-201
511
664
120
131
197
132
-45
-319
624
596
-499
-573
107
51
-391
668
-841
800
750
867
301
-439
-765
417
153
-745
-671
444
-945
924
-951
592
569
429
-907
579
551
975
891
466
916
-741
337
78
875
788
-551
-825
-569
362
-135
-29
441
673
639
628
675
-21
-795
158
-697
840
454
-709
-585
325
-797
540
-411
-487
942
811
-57
875
-729
571
329
463
-649
-263
417
-509
765
390
360
-939
294
476
970
405
490
159
898
-811
831
717
-571
-31
798
447
740
-811
28
1
575
633
461
542
-335
176
611
192
895
869
985
444
59
-439
-749
-735
493
-317
668
238
-659
-511
-821
257
528
26
370
-233
-175
-99
837
642
904
659
-529
206
81
559
754
-265
634
421
393
-527
-729
-747
930
-547
-435
452
691
530
622
800
773
-969
112
557
-89
779
-461
-751
-527
-841
340
50
368
-17
-435
48
850
506
785
834
-327
-487
-433
972
382
-113
-679
-197
194
690
818
121
-395
499
951
-287
12
591
376
-475
253
-739
520
282
32
394
-115
908
146
991
-665
11
-181
877
-17
406
-273
-301
873
449
658
-23
135
459
334
916
293
361
885
997
532
348
-811
371
-431
-531
939
572
412
965
383
28
-57
-61
897
187
933
210
551
169
387
657
187
-663
325
463
-159
-437
371
526
196
-895
-667
589
-977
963
87
831
947
-755
-989
947
-111
-137
-59
383
-107
-165
721
880
-367
942
777
644
289
670
183
985
-487
-515
116
418
693
642
652
468
328
572
508
995
541
763
-299
620
941
-155
993
224
-963
917
-891
938
702
775
-17
255
210
159
345
-219
-921
-823
983
-913
477
-293
526
569
607
827
911
874
772
673
822
136
762
-579
572
-161
262
991
-715
-967
31
236
916
802
603
670
851
867
756
-187
594
-735
518
914
885
848
254
289
223
-905
354
932
849
497
-365
-941
460
366
29
616
791
985
-191
681
367
-393
-283
-489
-105
-835
-55
-135
-683
323
170
254
24
684
923
470
985
-61
221
920
867
565
-707
967
-875
494
373
289
-763
-129
-741
88
-825
-181
464
690
397
-135
438
-179
836
290
-289
-665
153
383
215
893
515
226
410
708
-17
725
367
877
-987
-675
263
363
101
566
-501
871
139
338
-429
49
131
-271
-121
869
890
698
-797
650
-425
55
-97
232
-283
223
707
708
93
278
-845
-977
275
101
-315
289
99
610
-683
505
-25
-159
363
989
967
997
40
329
621
343
37
-123
245
327
306
840
214
166
71
96
-819
-427
120
22
-703
770
-291
165
177
260
210
417
443
-175
-629
-953
732
750
613
93
380
358
625
-739
-661
404
-297
260
660
-485
734
903
-89
-685
621
613
376
-553
-333
787
327
650
815
-417
247
614
759
978
299
-243
463
840
-9
-639
-53
833
24
-491
-191
919
314
539
-771
623
518
379
375
-635
-797
686
-793
-359
460
20
-483
154
-65
462
-791
960
-169
590
622
-31
78
-979
211
-541
380
34
678
-805
-109
148
-779
-969
-149
-399
312
532
821
748
348
480
318
197
-331
336
86
271
-695
859
741
-469
18
-19
-917
-191
-243
-667
699
306
38
442
856
-547
0
817
75
717
47
699
-523
-769
294
-785
-429
825
28
-471
-315
-17
584
-487
237
993
-973
-83
42
755
860
569
-681
874
-239
384
-945
775
834
-123
218
851
271
-891
985
-409
-551
537
167
809
797
-859
290
677
808
240
-989
941
61
-319
184
783
-93
389
830
-553
597
-661
767
-943
-283
729
471
312
24
193
-59
-173
26
-687
-609
400
95
-305
768
-769
740
430
-665
766
406
339
376
978
243
-391
911
921
748
500
236
421
130
90
948
269
-705
-931
548
-485
572
220
-941
820
850
-87
936
-605
571
677
544
-227
897
81
94
-407
498
983
517
-135
-717
932
163
-211
762
375
477
808
442
288
355
464
798
868
862
908
-863
-317
-973
210
-849
232
-335
503
494
-537
-371
-677
108
343
976
798
-703
-295
702
407
-605
876
-475
-919
298
-227
409
862
345
-495
889
-347
874
-477
685
301
269
307
959
403
481
517
81
616
-699
-599
529
-5
260
-613
-783
-123
-223
284
295
244
-503
426
467
777
78
-617
545
237
877
629
953
-243
-815
59
-807
830
447
663
111
190
988
234
634
202
-881
-131
374
347
-17
-777
149
-257
-285
970
531
491
733
619
43
766
696
-959
379
-479
-959
184
-921
-795
-985
-71
-767
437
335
118
135
-67
-259
730
922
820
511
-429
139
206
153
-263
-457
971
296
-769
-383
448
554
-799
840
374
-771
518
494
636
200
136
650
932
-905
-677
662
315
706
-261
444
862
49
-557
617
-779
-119
353
-79
381
-565
81
188
-175
-665
765
821
-139
-739
14
592
199
361
424
-943
928
526
226
823
72
499
494
610
550
16
767
461
533
-185
749
-505
-967
617
964
-9
-141
392
-563
-79
521
931
-811
560
-623
66
116
387
753
-961
373
973
972
966
-237
7
546
324
2
225
675
732
-891
661
837
603
958
143
-873
954
-103
789
823
923
556
897
358
429
-725
-835
931
-275
861
-757
-23
845
-731
-183
-639
747
98
723
22
-709
-123
851
443
273
892
461
44
295
472
742
735
-543
-611
-701
711
862
559
459
-613
711
-737
228
277
504
-487
97
877
901
211
621
-143
495
968
698
-643
711
721
521
214
586
-577
607
482
-613
895
-729
-61
703
-507
-137
989
856
95
450
238
-255
402
786
452
171
905
-279
-669
-997
527
528
-969
-753
183
297
682
688
544
401
826
890
-259
-555
-513
995
310
-765
650
463
429
114
-305
-823
519
-861
172
-435
43
949
369
-197
-791
95
82
760
-243
653
-695
201
677
-171
156
-743
-713
-121
374
-281
-381
895
-851
900
-535
-829
457
508
791
206
-37
-359
-85
179
469
999
656
-441
664
56
514
702
775
-815
-7
-543
-779
-937
-533
-17
182
781
135
661
-665
153
-757
337
-639
621
-885
167
409
809
-421
720
996
233
921
-923
755
230
516
90
-607
522
723
663
498
443
46
825
-779
-291
-765
212
150
239
442
115
-101
-309
-559
450
486
-993
572
975
217
-281
929
747
303
-679
-361
-703
-35
790
-425
130
535
813
208
-511
745
63
464
444
408
-405
-839
238
-63
906
387
-493
224
-103
946
-603
-821
86
-991
92
261
135
2
-935
753
-885
-65
215
-285
-107
593
628
-507
-221
503
-879
880
167
716
-279
-829
291
867
89
340
851
149
826
856
-425
882
629
50
639
393
749
135
357
-943
519
-649
120
64
400
905
90
515
-985
-469
100
-723
-717
752
100
169
62
720
14
473
715
-431
738
-867
223
-311
-461
140
870
-329
-605
-857
824
914
-281
787
-233
284
-867
78
837
-667
-751
-973
526
446
709
230
-903
-775
-841
364
51
32
881
-737
302
695
-987
-415
-565
191
127
-219
492
143
176
-943
2
837
-505
306
40
305
-239
-261
507
224
851
-253
-341
808
16
590
-997
716
-983
681
540
715
867
-621
388
955
151
125
884
373
869
-385
-923
136
302
478
913
518
804
341
-417
-353
434
-119
-271
-573
67
665
265
996
231
649
793
24
924
216
332
843
-103
267
-577
121
-793
88
-639
-535
98
114
241
-999
-625
-47
-847
-499
162
786
709
86
-79
138
-317
-647
670
352
-629
222
411
42
16
947
637
718
794
-401
760
-627
723
-111
-227
664
-587
796
-81
-673
-463
41
545
-225
974
46
688
784
371
36
-937
-569
594
-901
-367
743
863
-149
733
-39
817
-499
53
-511
677
51
-301
-663
199
622
698
690
17
339
-819
86
68
-147
389
501
592
-893
456
329
171
838
944
-561
416
-295
419
177
-783
294
462
727
-955
50
-547
684
-401
154
-311
714
-427
533
-523
-609
-119
237
-537
743
463
624
352
-425
461
469
416
-581
68
418
472
992
-327
132
783
394
777
908
522
-889
855
-259
-969
7
899
865
-893
830
8
-617
238
751
861
61
689
521
298
859
397
407
81
266
976
554
434
686
-77
234
-381
265
558
776
358
-571
-607
-179
534
574
199
-625
719
31
515
27
949
-299
-605
-43
778
120
127
587
474
420
282
296
918
31
-975
658
253
217
412
70
111
-867
504
918
994
518
25
734
319
-863
851
982
399
724
381
697
-541
-751
279
542
114
457
342
614
780
337
658
936
499
162
905
-571
971
33
-575
-403
376
245
-793
203
737
632
556
955
82
329
346
227
-867
211
224
679
-655
-989
70
-315
-669
224
1
57
524
7
-533
324
284
700
748
894
617
-847
406
-95
-301
611
-441
506
-187
-363
-123
-299
895
896
-79
-327
-23
703
52
-343
462
667
416
954
120
-447
595
-977
-541
374
-927
573
322
510
35
981
261
347
835
816
-873
275
-425
443
10
355
605
367
-769
916
-329
337
-707
319
84
953
149
455
759
324
44
-491
348
719
-55
825
-875
-25
831
-31
332
-749
-783
106
926
143
-849
-275
912
956
-455
942
544
212
685
357
847
950
420
280
114
640
-251
825
679
186
-809
761
720
731
791
-977
592
96
537
559
417
-339
232
279
663
418
-641
160
556
518
-499
-313
462
680
968
229
-647
372
329
689
470
799
768
-909
161
898
263
-55
-757
-441
539
502
697
805
352
-919
-9
373
-927
-499
-367
-667
-81
836
631
787
581
-955
842
28
582
456
579
415
813
-79
55
228
-897
-957
-777
111
210
798